1	45,8	45,59
2	36,59
3	29,52
4	11,51
5	20,36
6	21,37	21,33	37,45
7	38,44
8	56,6	5,56
9	32,60
10	0,14	0,40
11	43,53
12	23,51	23,45
13	40,7
14	25,26	1,27	25,27	26,27	1,26
15	53,61
16	1,54	1,19	1,41
17	37,61
18	50,51	45,50
19	20,44
20	15,59
21	37,8
22	5,57	13,6	13,17	41,9	13,54	5,9	17,57	13,5	41,57	13,57	54,57	57,9	17,6	17,9	41,54	13,41	13,9	54,6	6,9	57,6
23	19,54	19,7	19,30	54,7	30,7
24	34,37	14,34	33,34
25	20,8
26	36,39
27	38,58
28	36,37
29	2,44
30	28,8
31	46,49
32	17,27	1,17	17,25
33	1,36
34	34,49
35	59,8	3,59	3,8
36	39,57
37	38,52	14,52	40,52
38	1,28
39	27,7
40	29,35
41	33,40	33,38	14,16	33,43	37,40	33,37	37,43	14,37	16,50	14,50	14,43	14,40	16,37	16,38	14,33	33,50	16,33	38,43	14,38
42	17,31
43	0,15
44	14,24
45	15,40
46	20,28	20,47
47	18,20
48	42,50
49	18,29	18,24	15,18	21,45	21,51	24,29	21,29	24,51	29,51	24,45	18,45	18,51	18,21	29,45	45,51	15,45	15,24
50	51,55
51	29,43
52	17,22
53	43,46
54	16,20	20,50	20,38
55	36,40
56	14,3
57	12,33
58	15,55
59	10,29
60	0,42	0,47	10,42	42,47	30,47	0,10	10,2	2,42	10,47	28,30	30,42	28,47
61	34,44
62	4,51
63	32,9	13,32
64	2,61
65	23,36
66	48,57
