1.0 0.0
0.888888888889 0.0
0.727272727273 0.0
0.666666666667 0.0188679245283
0.636363636364 0.0377358490566
0.625 0.0377358490566
0.6 0.0377358490566
0.571428571429 0.0566037735849
0.555555555556 0.0566037735849
0.545454545455 0.0792452830189
0.538461538462 0.0792452830189
0.533333333333 0.0981132075472
0.5 0.135849056604
0.461538461538 0.231236897275
0.454545454545 0.231236897275
0.444444444444 0.236897274633
0.428571428571 0.268343815514
0.416666666667 0.287211740042
0.4 0.297993411201
0.388888888889 0.297993411201
0.384615384615 0.297993411201
0.375 0.297993411201
0.363636363636 0.30260557053
0.357142857143 0.315543575921
0.333333333333 0.315543575921
0.3125 0.29126984127
0.307692307692 0.29126984127
0.3 0.243126684636
0.285714285714 0.243556862425
0.272727272727 0.202536596876
0.266666666667 0.193483804805
0.25 0.140537449971
0.235294117647 0.148809587803
0.230769230769 0.148809587803
0.222222222222 0.151103124688
0.214285714286 0.113333333333
0.2 0.113333333333
0.1875 0.10419850357
0.181818181818 0.10419850357
0.176470588235 0.10419850357
0.166666666667 0.10419850357
0.157894736842 0.0536633178143
0.153846153846 0.0536633178143
0.15 0.0525060210709
0.142857142857 0.0525060210709
0.136363636364 0.0523220694311
0.133333333333 0.0523220694311
0.125 0.0523220694311
0.117647058824 0.0541129232847
0.111111111111 0.0541129232847
0.105263157895 0.0526720967797
0.1 0.0526720967797
0.0952380952381 0.0535519125683
0.0909090909091 0.0535519125683
0.0833333333333 0.0535519125683
0.0769230769231 0.0535519125683
0.0714285714286 0.0535519125683
0.0666666666667 0.0535519125683
0.0625 0.0535519125683
0.0588235294118 0.0535519125683
0.0555555555556 0.0535519125683
0.0526315789474 0.0535519125683
0.05 0.0535519125683
0.0 0.0535519125683
