1	45	59
2	1	54
3	59	36
4	29	52
5	11	51
6	20	36
7	30	28
8	33	21
9	44	38
10	56	5
11	60	32
12	0	14
13	19	30	7
14	43	53
15	56	6
16	45	23
17	40	7
18	61	53
19	37	43
20	1	19
21	1	41
22	61	37
23	45	50
24	44	20
25	15	59
26	45	37
27	8	37
28	13	17	19	54	57	41	5	7	6	9	32
29	8	20
30	39	36
31	38	58
32	37	36
33	8	3	59
34	50	16
35	44	2
36	38	52
37	38	20
38	38	43
39	8	28
40	1	26	27
41	46	49
42	0	2	10	47	30	42	28
43	25	27	17
44	40	52
45	8	45
46	1	36
47	34	49
48	1	17
49	37	40
50	39	57
51	1	28
52	27	7
53	29	35
54	52	38	14	16	33	37	43	40	50	34
55	20	50
56	31	17
57	0	15
58	24	14
59	15	40
60	20	28
61	18	20
62	42	50
63	24	15	21	18	45	51	29
64	55	51
65	29	43
66	17	22
67	51	23
68	46	43
69	20	16
70	51	50
71	36	40
72	37	21
73	3	14
74	33	12
75	25	26	27
76	55	15
77	10	29
78	44	34
79	51	4
80	47	20
81	61	2
82	36	23
83	57	48
84	0	40
