1.0 0.0
0.80487804878 0.0
0.8 0.0
0.794871794872 0.0188679245283
0.739130434783 0.0188679245283
0.736842105263 0.0188679245283
0.72972972973 0.0083857442348
0.722222222222 0.020964360587
0.714285714286 0.020964360587
0.707317073171 0.0566037735849
0.692307692308 0.0566037735849
0.684210526316 0.0566037735849
0.675675675676 0.0408805031447
0.666666666667 0.0415094339623
0.659574468085 0.0603773584906
0.658536585366 0.0603773584906
0.657142857143 0.0603773584906
0.65 0.0603773584906
0.641025641026 0.0603773584906
0.636363636364 0.0603773584906
0.631578947368 0.0792452830189
0.62962962963 0.0792452830189
0.627906976744 0.0792452830189
0.625 0.0981132075472
0.622641509434 0.0876310272537
0.621621621622 0.0844863731656
0.619047619048 0.0805031446541
0.615384615385 0.0796645702306
0.611111111111 0.107966457023
0.609756097561 0.114555256065
0.608695652174 0.115184186882
0.606557377049 0.131176999102
0.6 0.120694818808
0.593220338983 0.13057801737
0.591836734694 0.13057801737
0.590909090909 0.13057801737
0.589743589744 0.140640910452
0.588235294118 0.147154836777
0.584905660377 0.149251272836
0.583333333333 0.160572027553
0.581395348837 0.160572027553
0.578947368421 0.160572027553
0.576923076923 0.160572027553
0.575757575758 0.173150643905
0.574468085106 0.173150643905
0.571428571429 0.173150643905
0.56862745098 0.173150643905
0.567567567568 0.186987121893
0.565217391304 0.193950284516
0.5625 0.201362683438
0.560975609756 0.192976939203
0.56 0.192976939203
0.559322033898 0.200838574423
0.555555555556 0.192452830189
0.551724137931 0.211320754717
0.551020408163 0.204402515723
0.55 0.211949685535
0.548387096774 0.199790356394
0.547169811321 0.211320754717
0.545454545455 0.211320754717
0.543859649123 0.211320754717
0.542857142857 0.211320754717
0.541666666667 0.187002096436
0.538461538462 0.187421383648
0.535714285714 0.198742138365
0.53488372093 0.193650793651
0.533333333333 0.193650793651
0.531914893617 0.22801737047
0.529411764706 0.232285115304
0.527272727273 0.223899371069
0.526315789474 0.220754716981
0.52380952381 0.220754716981
0.521739130435 0.220754716981
0.52 0.224598183089
0.518518518519 0.224598183089
0.51724137931 0.233333333333
0.515151515152 0.23822501747
0.513513513514 0.231020900832
0.512195121951 0.231020900832
0.511111111111 0.229553395591
0.510204081633 0.229553395591
0.509433962264 0.229553395591
0.508771929825 0.229553395591
0.5 0.235143891748
0.492063492063 0.221976276693
0.491525423729 0.221976276693
0.490909090909 0.228265584869
0.490196078431 0.228265584869
0.489361702128 0.22287474929
0.488372093023 0.22287474929
0.487179487179 0.217597008163
0.485714285714 0.217597008163
0.483870967742 0.214406278557
0.48275862069 0.214406278557
0.481481481481 0.214406278557
0.48 0.214406278557
0.478260869565 0.204523079995
0.47619047619 0.204523079995
0.473684210526 0.197634022162
0.471698113208 0.190696724659
0.470588235294 0.190696724659
0.469387755102 0.190696724659
0.46875 0.190696724659
0.466666666667 0.190696724659
0.464285714286 0.183568842059
0.463414634146 0.188142884369
0.461538461538 0.180900650712
0.460317460317 0.180900650712
0.459459459459 0.180900650712
0.458333333333 0.175622909585
0.457627118644 0.178018836509
0.454545454545 0.178018836509
0.451612903226 0.168021286889
0.450980392157 0.168021286889
0.45 0.168021286889
0.448275862069 0.141015092157
0.446808510638 0.138936965054
0.444444444444 0.138936965054
0.44262295082 0.141632382844
0.441860465116 0.141632382844
0.44 0.141632382844
0.438596491228 0.144747087845
0.4375 0.140906117495
0.435897435897 0.110490819453
0.434782608696 0.110490819453
0.433962264151 0.110490819453
0.433333333333 0.113324463796
0.428571428571 0.0860784411858
0.423728813559 0.0870623388515
0.423076923077 0.0870623388515
0.422222222222 0.0870623388515
0.421052631579 0.0764045949472
0.41935483871 0.0764045949472
0.418181818182 0.0764045949472
0.416666666667 0.0740334534739
0.414634146341 0.0756672277817
0.413793103448 0.0756672277817
0.411764705882 0.0756672277817
0.409836065574 0.0734145501035
0.409090909091 0.0713553088781
0.407407407407 0.0406598256648
0.405405405405 0.0406598256648
0.404255319149 0.0406598256648
0.40350877193 0.0414952475528
0.402985074627 0.0414952475528
0.4 0.0414952475528
0.396825396825 0.0431897353447
0.396226415094 0.0440488012484
0.395348837209 0.0440488012484
0.393939393939 0.0449157484907
0.392857142857 0.0449157484907
0.391304347826 0.0449157484907
0.389830508475 0.0449157484907
0.388888888889 0.0449157484907
0.387755102041 0.0449157484907
0.387096774194 0.0457905770716
0.384615384615 0.0457905770716
0.382352941176 0.0453834651691
0.381818181818 0.0453834651691
0.380952380952 0.0453834651691
0.379310344828 0.0471184467349
0.377777777778 0.0466901183243
0.377049180328 0.0466901183243
0.375 0.0466901183243
0.373134328358 0.0466901183243
0.372549019608 0.0466901183243
0.371428571429 0.0466901183243
0.37037037037 0.0466901183243
0.368421052632 0.0466901183243
0.366666666667 0.0484177482733
0.365853658537 0.0484177482733
0.365079365079 0.0479692996482
0.363636363636 0.0479692996482
0.36170212766 0.0479692996482
0.361111111111 0.0479692996482
0.36 0.0479692996482
0.358490566038 0.048825640479
0.357142857143 0.048825640479
0.35593220339 0.0514373023487
0.354838709677 0.0514373023487
0.353846153846 0.0514373023487
0.352941176471 0.0514373023487
0.351351351351 0.0514373023487
0.35 0.051799154552
0.348837209302 0.051799154552
0.347826086957 0.0526720967797
0.34693877551 0.0526720967797
0.346153846154 0.0526720967797
0.345454545455 0.0526720967797
0.344827586207 0.0526720967797
0.344262295082 0.0526720967797
0.34375 0.0526720967797
0.34328358209 0.0526720967797
0.333333333333 0.0526720967797
0.322580645161 0.0535519125683
0.322033898305 0.0535519125683
0.321428571429 0.0535519125683
0.320754716981 0.0535519125683
0.32 0.0535519125683
0.31914893617 0.0535519125683
0.318181818182 0.0535519125683
0.317073170732 0.0535519125683
0.315789473684 0.0535519125683
0.3125 0.0535519125683
0.311475409836 0.0535519125683
0.310344827586 0.0535519125683
0.309090909091 0.0535519125683
0.307692307692 0.0535519125683
0.30612244898 0.0535519125683
0.304347826087 0.0535519125683
0.30303030303 0.0535519125683
0.302325581395 0.0535519125683
0.301587301587 0.0535519125683
0.3 0.0535519125683
0.298245614035 0.0535519125683
0.297297297297 0.0535519125683
0.296296296296 0.0535519125683
0.294117647059 0.0535519125683
0.292307692308 0.0535519125683
0.291666666667 0.0535519125683
0.290322580645 0.0535519125683
0.288888888889 0.0535519125683
0.28813559322 0.0535519125683
0.285714285714 0.0535519125683
0.283582089552 0.0535519125683
0.283018867925 0.0535519125683
0.282051282051 0.0535519125683
0.28125 0.0535519125683
0.28 0.0535519125683
0.27868852459 0.0535519125683
0.277777777778 0.0535519125683
0.276595744681 0.0535519125683
0.275862068966 0.0535519125683
0.275362318841 0.0535519125683
0.272727272727 0.0535519125683
0.269841269841 0.0535519125683
0.269230769231 0.0535519125683
0.268292682927 0.0535519125683
0.267605633803 0.0535519125683
0.266666666667 0.0535519125683
0.265306122449 0.0535519125683
0.264705882353 0.0535519125683
0.263157894737 0.0535519125683
0.261538461538 0.0535519125683
0.260869565217 0.0535519125683
0.259259259259 0.0535519125683
0.258064516129 0.0535519125683
0.257142857143 0.0535519125683
0.255813953488 0.0535519125683
0.254901960784 0.0535519125683
0.254237288136 0.0535519125683
0.253731343284 0.0535519125683
0.25 0.0535519125683
0.246376811594 0.0535519125683
0.245901639344 0.0535519125683
0.245283018868 0.0535519125683
0.244444444444 0.0535519125683
0.243243243243 0.0535519125683
0.242424242424 0.0535519125683
0.241379310345 0.0535519125683
0.24 0.0535519125683
0.238095238095 0.0535519125683
0.236363636364 0.0535519125683
0.235294117647 0.0535519125683
0.234042553191 0.0535519125683
0.233333333333 0.0535519125683
0.232876712329 0.0535519125683
0.230769230769 0.0535519125683
0.228571428571 0.0535519125683
0.228070175439 0.0535519125683
0.227272727273 0.0535519125683
0.226666666667 0.0535519125683
0.225806451613 0.0535519125683
0.224489795918 0.0535519125683
0.223880597015 0.0535519125683
0.222222222222 0.0535519125683
0.220338983051 0.0535519125683
0.219512195122 0.0535519125683
0.21875 0.0535519125683
0.217391304348 0.0535519125683
0.216216216216 0.0535519125683
0.21568627451 0.0535519125683
0.214285714286 0.0535519125683
0.213114754098 0.0535519125683
0.212121212121 0.0535519125683
0.211267605634 0.0535519125683
0.210526315789 0.0535519125683
0.209302325581 0.0535519125683
0.208333333333 0.0535519125683
0.207547169811 0.0535519125683
0.206896551724 0.0535519125683
0.206349206349 0.0535519125683
0.205882352941 0.0535519125683
0.205479452055 0.0535519125683
0.2 0.0535519125683
0.194444444444 0.0535519125683
0.194029850746 0.0535519125683
0.193548387097 0.0535519125683
0.19298245614 0.0535519125683
0.192307692308 0.0535519125683
0.191489361702 0.0535519125683
0.190476190476 0.0535519125683
0.189189189189 0.0535519125683
0.188405797101 0.0535519125683
0.1875 0.0535519125683
0.186440677966 0.0535519125683
0.185185185185 0.0535519125683
0.183673469388 0.0535519125683
0.183098591549 0.0535519125683
0.181818181818 0.0535519125683
0.180327868852 0.0535519125683
0.179487179487 0.0535519125683
0.178571428571 0.0535519125683
0.176470588235 0.0535519125683
0.174603174603 0.0535519125683
0.173913043478 0.0535519125683
0.173333333333 0.0535519125683
0.172413793103 0.0535519125683
0.171428571429 0.0535519125683
0.170731707317 0.0535519125683
0.169811320755 0.0535519125683
0.169230769231 0.0535519125683
0.166666666667 0.0535519125683
0.164179104478 0.0535519125683
0.163636363636 0.0535519125683
0.162790697674 0.0535519125683
0.162162162162 0.0535519125683
0.161290322581 0.0535519125683
0.16049382716 0.0535519125683
0.16 0.0535519125683
0.159420289855 0.0535519125683
0.157894736842 0.0535519125683
0.15625 0.0535519125683
0.155555555556 0.0535519125683
0.154929577465 0.0535519125683
0.153846153846 0.0535519125683
0.152542372881 0.0535519125683
0.151515151515 0.0535519125683
0.150684931507 0.0535519125683
0.15 0.0535519125683
0.148936170213 0.0535519125683
0.148148148148 0.0535519125683
0.147540983607 0.0535519125683
0.147058823529 0.0535519125683
0.146666666667 0.0535519125683
0.142857142857 0.0535519125683
0.138888888889 0.0535519125683
0.138461538462 0.0535519125683
0.137931034483 0.0535519125683
0.137254901961 0.0535519125683
0.136363636364 0.0535519125683
0.135802469136 0.0535519125683
0.135135135135 0.0535519125683
0.134328358209 0.0535519125683
0.133333333333 0.0535519125683
0.132075471698 0.0535519125683
0.131578947368 0.0535519125683
0.130434782609 0.0535519125683
0.129411764706 0.0535519125683
0.129032258065 0.0535519125683
0.128205128205 0.0535519125683
0.127272727273 0.0535519125683
0.12676056338 0.0535519125683
0.125 0.0535519125683
0.123287671233 0.0535519125683
0.122807017544 0.0535519125683
0.121951219512 0.0535519125683
0.121212121212 0.0535519125683
0.12 0.0535519125683
0.119047619048 0.0535519125683
0.118644067797 0.0535519125683
0.117647058824 0.0535519125683
0.116883116883 0.0535519125683
0.116279069767 0.0535519125683
0.115384615385 0.0535519125683
0.114754098361 0.0535519125683
0.114285714286 0.0535519125683
0.113924050633 0.0535519125683
0.111111111111 0.0535519125683
0.108108108108 0.0535519125683
0.107692307692 0.0535519125683
0.107142857143 0.0535519125683
0.106382978723 0.0535519125683
0.105263157895 0.0535519125683
0.10447761194 0.0535519125683
0.103448275862 0.0535519125683
0.102564102564 0.0535519125683
0.102040816327 0.0535519125683
0.101449275362 0.0535519125683
0.1 0.0535519125683
0.0985915492958 0.0535519125683
0.0980392156863 0.0535519125683
0.0967741935484 0.0535519125683
0.0958904109589 0.0535519125683
0.0952380952381 0.0535519125683
0.0943396226415 0.0535519125683
0.09375 0.0535519125683
0.0933333333333 0.0535519125683
0.0909090909091 0.0535519125683
0.0886075949367 0.0535519125683
0.0882352941176 0.0535519125683
0.0877192982456 0.0535519125683
0.0869565217391 0.0535519125683
0.0864197530864 0.0535519125683
0.0857142857143 0.0535519125683
0.0847457627119 0.0535519125683
0.0843373493976 0.0535519125683
0.0833333333333 0.0535519125683
0.0819672131148 0.0535519125683
0.0810810810811 0.0535519125683
0.08 0.0535519125683
0.0793650793651 0.0535519125683
0.0789473684211 0.0535519125683
0.0769230769231 0.0535519125683
0.075 0.0535519125683
0.0746268656716 0.0535519125683
0.0740740740741 0.0535519125683
0.0731707317073 0.0535519125683
0.0724637681159 0.0535519125683
0.0714285714286 0.0535519125683
0.0704225352113 0.0535519125683
0.0697674418605 0.0535519125683
0.0689655172414 0.0535519125683
0.0684931506849 0.0535519125683
0.0666666666667 0.0535519125683
0.0649350649351 0.0535519125683
0.0645161290323 0.0535519125683
0.063829787234 0.0535519125683
0.0632911392405 0.0535519125683
0.0625 0.0535519125683
0.0617283950617 0.0535519125683
0.0612244897959 0.0535519125683
0.0606060606061 0.0535519125683
0.0588235294118 0.0535519125683
0.0571428571429 0.0535519125683
0.0566037735849 0.0535519125683
0.0555555555556 0.0535519125683
0.0545454545455 0.0535519125683
0.0540540540541 0.0535519125683
0.0526315789474 0.0535519125683
0.0512820512821 0.0535519125683
0.0508474576271 0.0535519125683
0.05 0.0535519125683
0.0491803278689 0.0535519125683
0.047619047619 0.0535519125683
0.0461538461538 0.0535519125683
0.0454545454545 0.0535519125683
0.044776119403 0.0535519125683
0.0434782608696 0.0535519125683
0.0422535211268 0.0535519125683
0.0416666666667 0.0535519125683
0.041095890411 0.0535519125683
0.04 0.0535519125683
0.038961038961 0.0535519125683
0.0384615384615 0.0535519125683
0.037037037037 0.0535519125683
0.0357142857143 0.0535519125683
0.0344827586207 0.0535519125683
0.0333333333333 0.0535519125683
0.0322580645161 0.0535519125683
0.03125 0.0535519125683
0.030303030303 0.0535519125683
0.0294117647059 0.0535519125683
0.0285714285714 0.0535519125683
0.0277777777778 0.0535519125683
0.027027027027 0.0535519125683
0.0263157894737 0.0535519125683
0.025641025641 0.0535519125683
0.0243902439024 0.0535519125683
0.0232558139535 0.0535519125683
0.0222222222222 0.0535519125683
0.0212765957447 0.0535519125683
0.0204081632653 0.0535519125683
0.0196078431373 0.0535519125683
0.0188679245283 0.0535519125683
0.0181818181818 0.0535519125683
0.0175438596491 0.0535519125683
0.0169491525424 0.0535519125683
0.016393442623 0.0535519125683
0.015873015873 0.0535519125683
0.0153846153846 0.0535519125683
0.0149253731343 0.0535519125683
0.0144927536232 0.0535519125683
0.0140845070423 0.0535519125683
0.013698630137 0.0535519125683
0.0133333333333 0.0535519125683
0.012987012987 0.0535519125683
0.0126582278481 0.0535519125683
0.0123456790123 0.0535519125683
0.0120481927711 0.0535519125683
0.0117647058824 0.0535519125683
0.0114942528736 0.0535519125683
0.0 0.0535519125683
