1	36,59
2	29,52
3	20,36
4	5,56
5	32,60
6	0,14
7	43,53
8	40,7
9	53,61
10	37,61
11	20,44
12	15,59
13	37,45
14	37,8
15	13,17	1,54	13,57	19,54	57,9	17,9	57,6	5,57	41,9	19,7	48,57	54,6	13,6	17,57	19,30	54,7	13,5	41,57	54,57	56,6	17,6	13,9	39,57	6,9	13,32	13,54	5,9	1,19	30,7	1,41	41,54	13,41	32,9
16	20,8
17	36,39
18	36,37
19	59,8	3,59	3,8
20	2,44
21	28,8
22	46,49
23	0,42	0,47	10,42	30,42	30,47	0,10	42,47	10,2	2,42	10,47	28,30	28,47
24	40,52
25	1,36
26	34,49
27	1,17
28	1,28
29	27,7
30	14,16	33,50	37,40	16,38	14,43	14,34	21,33	38,58	20,50	38,44	16,50	12,33	14,38	16,33	33,34	38,52	33,43	38,43	16,37	14,50	16,20	14,33	34,37	33,40	33,38	33,37	37,43	14,37	14,40	14,52	20,38	21,37
31	0,15
32	14,24
33	15,40
34	20,28	20,47
35	18,20
36	42,50
37	45,59	21,45	23,51	11,51	45,50	45,51	15,24	18,29	29,35	21,51	24,29	18,21	29,45	21,29	24,51	23,45	15,45	18,24	15,18	29,51	24,45	18,45	4,51	45,8	18,51	51,55
38	29,43
39	17,31	17,22
40	43,46
41	50,51
42	36,40
43	14,3
44	25,26	25,27	17,25	1,26	17,27	26,27	1,27
45	15,55
46	10,29
47	34,44
48	2,61
49	23,36
50	0,40
