1	45,59
2	1,54
3	36,59
4	29,52
5	11,51
6	20,36
7	28,30
8	21,33
9	38,44
10	5,56
11	32,60
12	0,14
13	19,7	19,30	30,7
14	43,53
15	56,6
16	23,45
17	40,7
18	53,61
19	37,43
20	1,19
21	1,41
22	37,61
23	45,50
24	20,44
25	15,59
26	37,45
27	37,8
28	13,17	13,57	19,54	5,57	17,9	57,6	41,9	54,6	13,6	57,9	54,7	13,5	41,57	54,57	17,6	13,9	6,9	13,32	13,54	5,9	17,57	41,54	13,41	32,9
29	20,8
30	36,39
31	38,58
32	36,37
33	59,8	3,59	3,8
34	16,50
35	2,44
36	38,52
37	20,38
38	38,43
39	28,8
40	1,27	1,26
41	46,49
42	0,47	10,42	42,47	30,47	0,10	10,2	2,42	10,47	0,42	30,42	28,47
43	17,27	17,25
44	40,52
45	45,8
46	1,36
47	34,49
48	1,17
49	37,40
50	39,57
51	1,28
52	27,7
53	29,35
54	34,37	33,40	33,38	33,43	33,37	16,37	14,37	14,16	14,50	14,43	14,40	16,38	14,34	14,33	14,52	33,50	16,33	33,34	14,38
55	20,50
56	17,31
57	0,15
58	14,24
59	15,40
60	20,28
61	18,20
62	42,50
63	18,29	18,24	15,18	21,45	21,51	24,29	21,29	24,51	29,51	24,45	18,45	18,51	18,21	29,45	45,51	15,45	15,24
64	51,55
65	29,43
66	17,22
67	23,51
68	43,46
69	16,20
70	50,51
71	36,40
72	21,37
73	14,3
74	12,33
75	25,26	25,27	26,27
76	15,55
77	10,29
78	34,44
79	4,51
80	20,47
81	2,61
82	23,36
83	48,57
84	0,40
