1	8	45	59
2	59	36
3	29	52
4	11	51
5	20	36
6	21	33	45	37
7	44	38
8	56	5	6
9	60	32
10	0	14	40
11	43	53
12	45	51	23
13	40	7
14	1	25	26	27
15	61	53
16	1	54	41	19
17	61	37
18	45	51	50
19	44	20
20	15	59
21	8	37
22	13	5	17	6	9	54	57	41
23	7	19	54	30
24	33	37	14	34
25	8	20
26	39	36
27	38	58
28	37	36
29	44	2
30	8	28
31	46	49
32	1	25	27	17
33	1	36
34	34	49
35	8	3	59
36	39	57
37	38	14	40	52
38	1	28
39	27	7
40	29	35
41	38	14	16	33	37	50	40	43
42	31	17
43	0	15
44	24	14
45	15	40
46	20	28	47
47	18	20
48	42	50
49	24	15	21	18	45	51	29
50	55	51
51	29	43
52	17	22
53	46	43
54	38	20	50	16
55	36	40
56	3	14
57	33	12
58	55	15
59	10	29
60	0	2	47	42	30	28	10
61	44	34
62	51	4
63	9	32	13
64	61	2
65	36	23
66	57	48
