1	59	36
2	29	52
3	20	36
4	56	5
5	60	32
6	0	14
7	43	53
8	40	7
9	61	53
10	61	37
11	44	20
12	15	59
13	45	37
14	8	37
15	13	56	48	17	19	54	57	30	39	41	1	5	7	6	9	32
16	8	20
17	39	36
18	37	36
19	8	3	59
20	44	2
21	8	28
22	46	49
23	0	2	10	47	30	28	42
24	40	52
25	1	36
26	34	49
27	1	17
28	1	28
29	27	7
30	58	38	20	21	16	33	43	44	37	50	40	34	12	52	14
31	0	15
32	24	14
33	15	40
34	20	28	47
35	18	20
36	42	50
37	11	24	59	21	23	55	18	45	51	50	35	29	4	8	15
38	29	43
39	31	22	17
40	46	43
41	51	50
42	36	40
43	3	14
44	1	25	26	27	17
45	55	15
46	10	29
47	44	34
48	61	2
49	36	23
50	0	40
