1	32,60
2	43,53
3	40,7
4	53,61
5	37,61
6	1,17	13,17	1,54	30,47	13,57	19,54	57,9	26,27	17,9	28,30	57,6	13,32	30,42	1,28	5,57	20,36	41,9	0,47	27,7	19,7	5,56	54,6	13,6	17,27	0,42	17,57	13,5	25,27	54,7	19,30	28,8	0,10	41,57	1,26	54,57	56,6	20,28	17,6	10,47	13,9	6,9	28,47	25,26	20,47	10,42	13,54	5,9	17,25	1,19	30,7	42,47	10,2	2,42	1,41	41,54	13,41	20,8	32,9	1,27
7	36,39
8	38,58
9	2,44
10	46,49
11	1,36
12	34,49
13	48,57	39,57
14	29,35
15	20,44	14,16	45,59	37,40	21,45	23,51	36,59	29,52	37,8	3,59	21,37	11,51	14,34	29,51	37,45	33,50	45,51	50,51	21,33	14,38	18,29	36,37	23,36	3,8	14,43	34,37	38,44	16,50	24,29	20,50	16,37	16,38	18,45	14,33	14,24	18,21	15,40	15,24	16,33	33,34	29,45	0,14	33,43	38,43	29,43	14,50	34,44	24,51	18,24	59,8	18,20	23,45	38,52	16,20	15,45	0,15	33,40	33,38	51,55	15,18	21,29	15,55	33,37	37,43	14,37	15,59	14,40	36,40	24,45	14,52	20,38	40,52	4,51	45,8	0,40	21,51	18,51	45,50
16	42,50
17	17,31	17,22
18	43,46
19	14,3
20	12,33
21	10,29
22	2,61
