1.0 0.0
1.0 0.0
0.866666666667 0.230769230769
0.857142857143 0.230769230769
0.76 0.461538461538
0.727272727273 0.461538461538
0.666666666667 0.692307692308
0.6 0.692307692308
0.555555555556 0.923076923077
0.466666666667 0.507692307692
0.448275862069 0.435897435897
0.384615384615 0.435897435897
0.357142857143 0.178571428571
0.307692307692 0.178571428571
0.166666666667 0.178571428571
0.133333333333 0.178571428571
0.125 0.178571428571
0.0833333333333 0.178571428571
0.0714285714286 0.178571428571
0.0666666666667 0.178571428571
0.0625 0.178571428571
0.0 0.178571428571
