1.0 0.0
0.987755102041 0.0
0.8 0.0
0.75 0.0
0.714285714286 0.0
0.666666666667 0.0
0.625 0.000475210959722
0.6 0.000475210959722
0.571428571429 0.00148095435672
0.555555555556 0.00131953349104
0.5 0.00131953349104
0.444444444444 0.000866778653831
0.428571428571 0.000866778653831
0.4 0.000866778653831
0.375 0.000350084280227
0.333333333333 0.000467755565492
0.3 0.000508940515334
0.285714285714 0.000508940515334
0.275812846947 0.000508952621018
0.272727272727 0.000737551684075
0.25 0.000737600092954
0.230769230769 0.000502263888334
0.222222222222 0.000502263888334
0.217391304348 0.000502263888334
0.2 0.000511536897227
0.1875 0.000511524913691
0.181818181818 0.00051151293464
0.173913043478 0.00051151293464
0.166666666667 0.00051151293464
0.153846153846 0.000490908485152
0.142857142857 0.000490908485152
0.133333333333 0.000490896515066
0.130434782609 0.000490896515066
0.125 0.000490896515066
0.12 0.000490896515066
0.117647058824 0.000490896515066
0.116279069767 0.000490896515066
0.111111111111 0.000490928029415
0.1 0.000480942115372
0.093023255814 0.000490696445598
0.0909090909091 0.000490696445598
0.0833333333333 0.000489884785862
0.0819672131148 0.000489884785862
0.08 0.000489884785862
0.0769230769231 0.000489884785862
0.0740740740741 0.000489884785862
0.0726857142857 0.000489884785862
0.0714285714286 0.000769205085987
0.0701522170748 0.000769205085987
0.0697674418605 0.000769205085987
0.0684931506849 0.000769205085987
0.0681818181818 0.00076923479863
0.0666666666667 0.00076923479863
0.0652173913043 0.00076923479863
0.0645161290323 0.00076923479863
0.063829787234 0.00076923479863
0.0625 0.00076923479863
0.0615384615385 0.000769264505945
0.0606060606061 0.000769264505945
0.0597014925373 0.000769264505945
0.0588235294118 0.000769264505945
0.0555555555556 0.000769264505945
0.0547945205479 0.000769264505945
0.0526315789474 0.000769264505945
0.05 0.000769264505945
0.047619047619 0.000769264505945
0.046875 0.000769264505945
0.0461538461538 0.00077523829938
0.0454545454545 0.00077523829938
0.0444444444444 0.00077523829938
0.0434782608696 0.00077523829938
0.0425531914894 0.00077523829938
0.0416666666667 0.00077523829938
0.041095890411 0.00077523829938
0.0405405405405 0.00077523829938
0.04 0.00077523829938
0.0394736842105 0.00077523829938
0.0392156862745 0.00077523829938
0.0384615384615 0.00077523829938
0.037037037037 0.00077523829938
0.0357142857143 0.00077523829938
0.0307692307692 0.00077523829938
0.030303030303 0.000774950065641
0.0299401197605 0.000774950065641
0.0298507462687 0.000766435101359
0.0297619047619 0.000766435101359
0.029501525941 0.000766194978108
0.0294117647059 0.000622627854803
0.0291806958474 0.000622627854803
0.0289855072464 0.000505738349611
0.0282655246253 0.000505738349611
0.0281690140845 0.000506454168834
0.0277777777778 0.000506454168834
0.027397260274 0.000506454168834
0.027027027027 0.000506454168834
0.0266666666667 0.000506454168834
0.0265151515152 0.000506454168834
0.0263157894737 0.000506703332962
0.0262082231306 0.000506703332962
0.0239520958084 0.000506703332962
0.0238095238095 0.000506703332962
0.0236686390533 0.000504563033323
0.0236124634859 0.000504563033323
0.0235294117647 0.000504563033323
0.0227272727273 0.000504563033323
0.0222222222222 0.000504563033323
0.0220070422535 0.000504563033323
0.0217391304348 0.000504563033323
0.0215053763441 0.000504563033323
0.0212765957447 0.000504563033323
0.0211180124224 0.000504563033323
0.0208333333333 0.000504563033323
0.0190476190476 0.000504563033323
0.0184407096172 0.000504563033323
0.0179640718563 0.000504563033323
0.0178571428571 0.000504563033323
0.0177514792899 0.000504563033323
0.0176991150442 0.000504563033323
0.0176470588235 0.000504563033323
0.0175438596491 0.000504563033323
0.0173267326733 0.000504563033323
0.0172413793103 0.000504563033323
0.0170212765957 0.000504563033323
0.0165876777251 0.000504563033323
0.0160427807487 0.000504563033323
0.0153846153846 0.000504563033323
0.0151515151515 0.000504563033323
0.0149253731343 0.000504563033323
0.0147058823529 0.000504563033323
0.0146853146853 0.000504563033323
0.0144927536232 0.000504563033323
0.0142857142857 0.000504563033323
0.013698630137 0.000504563033323
0.0135548753826 0.000504563033323
0.0135135135135 0.000502491679947
0.0133333333333 0.000502491679947
0.0131578947368 0.000502491679947
0.0131147540984 0.000497243420097
0.012987012987 0.000497243420097
0.0128205128205 0.000497243420097
0.0126582278481 0.000497243420097
0.01261829653 0.000497243420097
0.0125 0.000497243420097
0.0123456790123 0.000497243420097
0.012315270936 0.000497243420097
0.0122950819672 0.000158445916172
0.0122448979592 0.000158445916172
0.0121951219512 0.000158445916172
0.0121457489879 0.000158445916172
0.0120967741935 0.000158445916172
0.0119047619048 0.000158445916172
0.0118343195266 0.000158445916172
0.0117647058824 0.000158445916172
0.0116959064327 0.000158445916172
0.0116618075802 0.000158196038896
0.0114942528736 0.000158196038896
0.0114503816794 0.000158196038896
0.0114285714286 0.000158196038896
0.0114068441065 0.000158196038896
0.0113636363636 0.000158196038896
0.011320754717 0.000158196038896
0.0112917795845 0.000158196038896
0.0111524163569 0.000158234863176
0.0105633802817 0.000158234863176
0.0101180438449 0.000158234863176
0.00961538461538 0.000158234863176
0.00925925925926 0.000158219742212
0.00907911802853 0.00015821320873
0.00906735751295 0.00015821320873
0.00882284652891 0.00015821320873
0.00863422291994 0.00015821320873
0.00859066635709 0.00015821320873
0.00826446280992 0.00015821320873
0.00818685287744 0.000148788356398
0.00816326530612 0.000148788356398
0.00813008130081 0.000148788356398
0.0080971659919 0.000148788356398
0.00806451612903 0.000148788356398
0.00803212851406 0.000148788356398
0.00794606308693 0.000148788356398
0.00751879699248 0.000148788356398
0.00742574257426 9.59611972544e-05
0.00740740740741 9.59611972544e-05
0.00737100737101 9.59611972544e-05
0.00724637681159 9.59611972544e-05
0.00704225352113 9.61670541991e-05
0.00666666666667 9.61670541991e-05
0.00665778961385 9.61670541991e-05
0.00639658848614 9.61670541991e-05
0.00638977635783 9.61670541991e-05
0.00636942675159 9.61670541991e-05
0.00617283950617 9.61670541991e-05
0.00602409638554 9.61670541991e-05
0.00595238095238 9.61670541991e-05
0.00591715976331 9.61670541991e-05
0.00588235294118 9.61366910598e-05
0.00584795321637 9.61366910598e-05
0.00581395348837 9.61366910598e-05
0.0057845263919 9.61366910598e-05
0.00578034682081 9.61366910598e-05
0.00573065902579 9.61366910598e-05
0.00560747663551 9.61366910598e-05
0.00559701492537 9.61366910598e-05
0.00558659217877 9.61366910598e-05
0.00557620817844 9.61366910598e-05
0.00556586270872 9.61366910598e-05
0.00549450549451 9.61366910598e-05
0.00540540540541 9.61366910598e-05
0.0053372149442 9.61366910598e-05
0.00533333333333 9.61366910598e-05
0.00532623169108 9.61366910598e-05
0.00531914893617 9.61366910598e-05
0.00531208499336 9.61366910598e-05
0.00525624178712 9.61366910598e-05
0.00504286434695 9.61366910598e-05
0.005 9.61366910598e-05
0.00475475475475 9.61366910598e-05
0.00427960057061 9.61366910598e-05
0.0042735042735 9.61366910598e-05
0.00426742532006 9.61366910598e-05
0.00426136363636 9.61366910598e-05
0.00426065162907 9.61366910598e-05
0.00409836065574 9.61366910598e-05
0.00408163265306 9.60760194966e-05
0.00406504065041 9.60760194966e-05
0.00404858299595 9.60760194966e-05
0.00403225806452 9.60760194966e-05
0.00401606425703 9.60760194966e-05
0.004 9.60760194966e-05
0.00399467376831 9.60760194966e-05
0.00398936170213 9.60760194966e-05
0.00398406374502 9.60760194966e-05
0.00396825396825 9.60760194966e-05
0.00395256916996 9.60760194966e-05
0.00391644908616 9.60760194966e-05
0.0038961038961 9.60760194966e-05
0.00380228136882 9.60760194966e-05
0.00378787878788 9.59851487017e-05
0.00377358490566 9.60625669258e-05
0.00375939849624 9.60625669258e-05
0.00374531835206 9.60625669258e-05
0.00373134328358 9.60625669258e-05
0.00372439478585 9.60625669258e-05
0.00361445783133 9.6101284056e-05
0.00357142857143 9.6101284056e-05
0.00352112676056 9.6101284056e-05
0.00334128878282 9.6101284056e-05
0.00330578512397 9.6101284056e-05
0.00328947368421 9.6101284056e-05
0.00326797385621 9.6101284056e-05
0.00325732899023 9.6101284056e-05
0.0031847133758 9.6101284056e-05
0.00314465408805 9.6101284056e-05
0.00284495021337 9.6101284056e-05
0.00272614622057 9.61400065317e-05
0.00269541778976 9.61400065317e-05
0.00267444687576 9.61400065317e-05
0.00266311584554 9.61400065317e-05
0.00265957446809 9.61400065317e-05
0.00265604249668 9.61400065317e-05
0.0026525198939 9.61400065317e-05
0.00264900662252 9.61400065317e-05
0.00264200792602 9.61400065317e-05
0.00263852242744 9.61400065317e-05
0.00261780104712 9.61400065317e-05
0.00252844500632 9.61400065317e-05
0.00252780586451 9.61400065317e-05
0.00251572327044 9.61400065317e-05
0.00243309002433 9.61400065317e-05
0.00235017626322 9.61400065317e-05
0.00201816347124 9.61400065317e-05
0.00201612903226 9.61400065317e-05
0.00198412698413 9.61400065317e-05
0.0019801980198 9.61400065317e-05
0.00186567164179 9.61400065317e-05
0.00186219739292 9.61400065317e-05
0.00185873605948 9.61400065317e-05
0.00185528756957 9.61400065317e-05
0.00185185185185 9.61400065317e-05
0.00184842883549 9.61400065317e-05
0.00184162062615 9.61400065317e-05
0.00183823529412 9.61400065317e-05
0.00179533213645 9.61400065317e-05
0.00173310225303 9.61400065317e-05
0.00170690075591 9.61400065317e-05
0.00152168399696 9.61400065317e-05
0.00152129817444 9.61400065317e-05
0.00151668351871 9.61400065317e-05
0.00146305779078 9.61400065317e-05
0.0014627011214 9.61400065317e-05
0.0014245014245 9.61400065317e-05
0.00142247510669 9.61400065317e-05
0.00142045454545 9.61400065317e-05
0.00141843971631 9.61400065317e-05
0.0014164305949 9.61400065317e-05
0.001414427157 9.61400065317e-05
0.00141043723554 9.61400065317e-05
0.00140845070423 9.61400065317e-05
0.00139664804469 9.61400065317e-05
0.00139082058414 9.61400065317e-05
0.00138312586445 9.61400065317e-05
0.00133155792277 9.61400065317e-05
0.00132978723404 9.6079407237e-05
0.00132802124834 9.6079407237e-05
0.00132625994695 9.6079407237e-05
0.00132450331126 9.6079407237e-05
0.00132275132275 9.6079407237e-05
0.00126806999746 9.6079407237e-05
0.0012677484787 9.6079407237e-05
0.00126742712294 9.6079407237e-05
0.00121921482565 9.6079407237e-05
0.00121891760117 9.6079407237e-05
0.00121862052157 9.6079407237e-05
0.00121802679659 9.6079407237e-05
0.00115340253749 9.6079407237e-05
0.00101445599797 9.6079407237e-05
0.00101419878296 9.6079407237e-05
0.00101394169835 9.6079407237e-05
0.00101368474404 9.6079407237e-05
0.00101317122594 9.6079407237e-05
0.00101291466194 9.6079407237e-05
0.000975371860522 9.6079407237e-05
0.000975134080936 9.6079407237e-05
0.000760841998478 9.6079407237e-05
0.000760649087221 9.6079407237e-05
0.000760456273764 9.6079407237e-05
0.000760263558033 9.6079407237e-05
0.000760070939954 9.6079407237e-05
0.000758341759353 9.6079407237e-05
0.000731528895391 9.6079407237e-05
0.000731350560702 9.6079407237e-05
0.000731172312942 9.6079407237e-05
0.000730994152047 9.6079407237e-05
0.000730282375852 9.6079407237e-05
0.000729217306757 9.6079407237e-05
0.000507099391481 9.6079407237e-05
0.000506970849176 9.61029623293e-05
0.000506842372022 9.61029623293e-05
0.00050671395997 9.61029623293e-05
0.000487567040468 9.60810979994e-05
0.000487448208628 9.60810979994e-05
0.000487329434698 9.60810979994e-05
0.000487210718636 9.60810979994e-05
0.00025354969574 9.60810979994e-05
0.000253485424588 9.60810979994e-05
0.000253421186011 9.60508436138e-05
0.000253356979985 9.60508436138e-05
0.000253292806484 9.60508436138e-05
0.000243783520234 9.60508436138e-05
0.000243724104314 9.59752869352e-05
0.000243664717349 9.59450959365e-05
0.0002435460302 9.59450959365e-05
0.0 9.59450959365e-05
